-0.16	0	0
0	0.16	92090.4
0.16	0.32	11865.8
0.32	0.48	6628.7
0.48	0.64	4075.73
0.64	0.8	2382.37
0.8	0.96	1376.71
0.96	1.12	784.655
1.12	1.28	274.008
1.28	1.44	60.4996
1.44	1.6	1.5
1.6	1.76	0
1.76	1.92	0
1.92	2.08	0
2.08	2.24	0
2.24	2.4	0
2.4	2.56	0
2.56	2.72	0
2.72	2.88	0
2.88	3.04	0
3.04	3.2	0
3.2	3.36	0
3.36	3.52	0
3.52	3.68	0
3.68	3.84	0
3.84	4	0
4	4.16	0
4.16	4.32	0
4.32	4.48	0
4.48	4.64	0
4.64	4.8	0
4.8	4.96	0
4.96	5.12	0
5.12	5.28	0
5.28	5.44	0
5.44	5.6	0
5.6	5.76	0
5.76	5.92	0
5.92	6.08	0
6.08	6.24	0
6.24	6.4	0
6.4	6.56	0
6.56	6.72	0
6.72	6.88	0
6.88	7.04	0
7.04	7.2	0
7.2	7.36	0
7.36	7.52	0
7.52	7.68	0
7.68	7.84	0
7.84	8	0
8	8.16	0
8.16	8.32	0
8.32	8.48	0
8.48	8.64	0
8.64	8.8	0
8.8	8.96	0
8.96	9.12	0
9.12	9.28	0
9.28	9.44	0
9.44	9.6	0
9.6	9.76	0
9.76	9.92	0
9.92	10.08	0
10.08	10.24	0
10.24	10.4	0
10.4	10.56	0
10.56	10.72	0
10.72	10.88	0
10.88	11.04	0
11.04	11.2	0
11.2	11.36	0
11.36	11.52	0
11.52	11.68	0
11.68	11.84	0
11.84	12	0
12	12.16	0
12.16	12.32	0
12.32	12.48	0
12.48	12.64	0
12.64	12.8	0
12.8	12.96	0
12.96	13.12	0
13.12	13.28	0
13.28	13.44	0
13.44	13.6	0
13.6	13.76	0
13.76	13.92	0
13.92	14.08	0
14.08	14.24	0
14.24	14.4	0
14.4	14.56	0
14.56	14.72	0
14.72	14.88	0
14.88	15.04	0
15.04	15.2	0
15.2	15.36	0
15.36	15.52	0
15.52	15.68	0
15.68	15.84	0
15.84	16	0
16	16.16	0
16.16	16.32	0
16.32	16.48	0.2
16.48	16.64	0.8
16.64	16.8	7
16.8	16.96	9.7
16.96	17.12	12.5
17.12	17.28	12.6
17.28	17.44	11.7
17.44	17.6	13.8
17.6	17.76	14.9
17.76	17.92	15.8
17.92	18.08	17.2
18.08	18.24	17.4
18.24	18.4	13.9
18.4	18.56	18.9
18.56	18.72	17.2
18.72	18.88	15.9
18.88	19.04	15.3
19.04	19.2	18.4
19.2	19.36	14.7
19.36	19.52	14.8
19.52	19.68	17.4
19.68	19.84	15.6
19.84	20	17.4
20	20.16	14.9
20.16	20.32	16.9
20.32	20.48	15.1
20.48	20.64	16.9
20.64	20.8	16.9
20.8	20.96	12
20.96	21.12	15.1
21.12	21.28	14.4
21.28	21.44	14.7
21.44	21.6	13.5
21.6	21.76	13.7
21.76	21.92	14.1
21.92	22.08	15.7
22.08	22.24	14.3
22.24	22.4	13.7
22.4	22.56	14
22.56	22.72	13.7
22.72	22.88	12.1
22.88	23.04	13.1
23.04	23.2	13.6
23.2	23.36	12.6
23.36	23.52	13.7
23.52	23.68	13
23.68	23.84	12.8
23.84	24	13.7
24	24.16	11.7
24.16	24.32	13.7
24.32	24.48	12.9
24.48	24.64	12.9
24.64	24.8	11.3
24.8	24.96	10.5
24.96	25.12	12.8
25.12	25.28	11.1
25.28	25.44	11.4
25.44	25.6	10.8
25.6	25.76	11.1
25.76	25.92	12.6
25.92	26.08	9.8
26.08	26.24	9.8
26.24	26.4	10.9
26.4	26.56	11.4
26.56	26.72	9.8
26.72	26.88	9.2
26.88	27.04	9.4
27.04	27.2	10
27.2	27.36	11.9
27.36	27.52	9.5
27.52	27.68	9
27.68	27.84	9.2
27.84	28	9.6
28	28.16	9.4
28.16	28.32	8.6
28.32	28.48	8.3
28.48	28.64	8.8
28.64	28.8	7.89999
28.8	28.96	7.99999
28.96	29.12	7.4
29.12	29.28	8.6
29.28	29.44	7.7
29.44	29.6	9.2
29.6	29.76	6.3
29.76	29.92	6.8
29.92	30.08	7.89999
30.08	30.24	9.8
30.24	30.4	9.2
30.4	30.56	7.6
30.56	30.72	9.6
30.72	30.88	9.7
30.88	31.04	4
31.04	31.2	2.2
31.2	31.36	2.3
31.36	31.52	1.7
31.52	31.68	2
31.68	31.84	1.8
31.84	32	0.3
32	32.16	0.4
32.16	32.32	1.2
32.32	32.48	0.8
32.48	32.64	0.8
32.64	32.8	0
32.8	32.96	0
32.96	33.12	0
33.12	33.28	0
33.28	33.44	0
33.44	33.6	0
33.6	33.76	0
33.76	33.92	0
33.92	34.08	0
34.08	34.24	0
34.24	34.4	0
34.4	34.56	0
34.56	34.72	0
34.72	34.88	0
34.88	35.04	0
35.04	35.2	0
35.2	35.36	0
35.36	35.52	0
35.52	35.68	0
35.68	35.84	0
35.84	36	0
36	36.16	0
36.16	36.32	0
36.32	36.48	0
36.48	36.64	0
36.64	36.8	0
36.8	36.96	0
36.96	37.12	0
37.12	37.28	0
37.28	37.44	0
37.44	37.6	0
37.6	37.76	0
37.76	37.92	0
37.92	38.08	0
38.08	38.24	0
38.24	38.4	0
38.4	38.56	0
38.56	38.72	0
38.72	38.88	0
38.88	39.04	0
39.04	39.2	0
39.2	39.36	0
39.36	39.52	0
39.52	39.68	0
39.68	39.84	0
39.84	40	0
40	40.16	0
40.16	40.32	0
40.32	40.48	0
40.48	40.64	0
40.64	40.8	0
40.8	40.96	0
40.96	41.12	0
41.12	41.28	0
41.28	41.44	0
41.44	41.6	0
41.6	41.76	0
41.76	41.92	0
41.92	42.08	0
42.08	42.24	0
42.24	42.4	0
42.4	42.56	0
42.56	42.72	0
42.72	42.88	0
42.88	43.04	0
43.04	43.2	0
43.2	43.36	0
43.36	43.52	0
43.52	43.68	0
43.68	43.84	0
43.84	44	0
44	44.16	0
44.16	44.32	0
44.32	44.48	0
44.48	44.64	0
44.64	44.8	0
44.8	44.96	0
44.96	45.12	0
45.12	45.28	0
45.28	45.44	0
45.44	45.6	0
45.6	45.76	0
45.76	45.92	0
45.92	46.08	0
46.08	46.24	0
46.24	46.4	0
46.4	46.56	0
46.56	46.72	0
46.72	46.88	0
46.88	47.04	0
47.04	47.2	0
47.2	47.36	0
47.36	47.52	0
47.52	47.68	0
47.68	47.84	0
47.84	48	0
48	48.16	0
48.16	48.32	0
48.32	48.48	0
48.48	48.64	0
48.64	48.8	0
48.8	48.96	0
48.96	49.12	0
49.12	49.28	0
49.28	49.44	0
49.44	49.6	0
49.6	49.76	0
49.76	49.92	0
49.92	50.08	0
50.08	50.24	0
50.24	50.4	0
50.4	50.56	0
50.56	50.72	0
50.72	50.88	0
50.88	51.04	0
51.04	51.2	0
51.2	51.36	0
51.36	51.52	0
51.52	51.68	0
51.68	51.84	0
51.84	52	0
52	52.16	0
52.16	52.32	0
52.32	52.48	0
52.48	52.64	0
52.64	52.8	0
52.8	52.96	0
52.96	53.12	0
53.12	53.28	0
53.28	53.44	0
53.44	53.6	0
53.6	53.76	0
53.76	53.92	0
53.92	54.08	0
54.08	54.24	0
54.24	54.4	0
54.4	54.56	0
54.56	54.72	0
54.72	54.88	0
54.88	55.04	0
55.04	55.2	0
55.2	55.36	0
55.36	55.52	0
55.52	55.68	0
55.68	55.84	0
55.84	56	0
56	56.16	0
56.16	56.32	0
56.32	56.48	0
56.48	56.64	0
56.64	56.8	0
56.8	56.96	0
56.96	57.12	0
57.12	57.28	0
57.28	57.44	0
57.44	57.6	0
57.6	57.76	0
57.76	57.92	0
57.92	58.08	0
58.08	58.24	0
58.24	58.4	0
58.4	58.56	0
58.56	58.72	0
58.72	58.88	0
58.88	59.04	0
59.04	59.2	0
59.2	59.36	0
59.36	59.52	0
59.52	59.68	0
59.68	59.84	0
59.84	60	0
60	60.16	0
60.16	60.32	0
60.32	60.4799	0
60.4799	60.6399	0
60.6399	60.7999	0
60.7999	60.9599	0
60.9599	61.1199	0
61.1199	61.2799	0
61.2799	61.4399	0
61.4399	61.5999	0
61.5999	61.7599	0
61.7599	61.9199	0
61.9199	62.0799	0
62.0799	62.2399	0
62.2399	62.3999	0
62.3999	62.5599	0
62.5599	62.7199	0
62.7199	62.8799	0
62.8799	63.0399	0
63.0399	63.1999	0
63.1999	63.3599	0
63.3599	63.5199	0
63.5199	63.6799	0
63.6799	63.8399	0
63.8399	63.9999	0
63.9999	64.16	0
64.16	64.32	0
64.32	64.48	0
64.48	64.64	0
64.64	64.8	0
64.8	64.96	0
64.96	65.12	0
65.12	65.28	0
65.28	65.44	0
65.44	65.6	0
65.6	65.76	0
65.76	65.92	0
65.92	66.08	0
66.08	66.24	0
66.24	66.4	0
66.4	66.56	0
66.56	66.72	0
66.72	66.88	0
66.88	67.04	0
67.04	67.2	0
67.2	67.36	0
67.36	67.52	0
67.52	67.68	0
67.68	67.84	0
67.84	68	0
68	68.16	0
68.16	68.32	0
68.32	68.48	0
68.48	68.6401	0
68.6401	68.8001	0
68.8001	68.9601	0
68.9601	69.1201	0
69.1201	69.2801	0
69.2801	69.4401	0
69.4401	69.6001	0
69.6001	69.7601	0
69.7601	69.9201	0
69.9201	70.0801	0
70.0801	70.2401	0
70.2401	70.4001	0
70.4001	70.5601	0
70.5601	70.7201	0
70.7201	70.8801	0
70.8801	71.0401	0
71.0401	71.2001	0
71.2001	71.3601	0
71.3601	71.5201	0
71.5201	71.6801	0
71.6801	71.8401	0
71.8401	72.0001	0
72.0001	72.1601	0
72.1601	72.3201	0
72.3201	72.4801	0
72.4801	72.6401	0
72.6401	72.8001	0
72.8001	72.9602	0
72.9602	73.1202	0
73.1202	73.2802	0
73.2802	73.4402	0
73.4402	73.6002	0
73.6002	73.7602	0
73.7602	73.9202	0
73.9202	74.0802	0
74.0802	74.2402	0
74.2402	74.4002	0
74.4002	74.5602	0
74.5602	74.7202	0
74.7202	74.8802	0
74.8802	75.0402	0
75.0402	75.2002	0
75.2002	75.3602	0
75.3602	75.5202	0
75.5202	75.6802	0
75.6802	75.8402	0
75.8402	76.0002	0
76.0002	76.1602	0
76.1602	76.3202	0
76.3202	76.4802	0
76.4802	76.6402	0
76.6402	76.8002	0
76.8002	76.9602	0
76.9602	77.1202	0
77.1202	77.2803	0
77.2803	77.4403	0
77.4403	77.6003	0
77.6003	77.7603	0
77.7603	77.9203	0
77.9203	78.0803	0
78.0803	78.2403	0
78.2403	78.4003	0
78.4003	78.5603	0
78.5603	78.7203	0
78.7203	78.8803	0
78.8803	79.0403	0
79.0403	79.2003	0
79.2003	79.3603	0
79.3603	79.5203	0
79.5203	79.6803	0
79.6803	79.8403	0
79.8403	80.0003	0
80.0003	80.1603	0
80.1603	80.3203	0
